1
E
7
12
20
13
21
4
29
14
25
5
24
22
11
30
#
2
E
1
9
21
6
23
13
15
26
7
16
27
#
3
N
4
13
7
18
12
23
20
22
11
15
26
2
4
10
28
#
4
N
13
5
24
3
5
20
12
#
5
N
6
23
19
5
4
26
8
12
24
3
30
2
17
9
6
10
15
20
11
29
25
14
16
18
22
#
6
T
12
12
1
6
16
5
9
27
19
24
15
4
29
25
#
7
E
8
7
7
18
23
14
28
25
30
#
8
N
7
4
13
12
1
15
#
9
E
11
21
17
26
3
25
5
15
29
4
28
27
22
30
11
23
21
12
9
14
6
7
19
#
10
T
5
22
26
24
13
10
12
20
6
25
17
2
9
21
15
4
18
5
23
16
7
27
28
19
#
11
E
13
4
1
25
19
9
#
12
E
13
15
4
14
24
28
1
2
29
6
26
21
15
8
16
17
22
#
13
E
8
23
19
24
23
18
8
28
4
14
29
16
11
26
15
30
10
7
3
12
1
20
22
13
2
#
14
E
2
4
19
2
28
15
#
15
T
11
13
17
30
15
5
2
9
23
20
10
25
3
16
27
#
16
E
2
18
15
8
11
27
24
28
22
26
21
4
6
29
25
16
20
10
9
5
#
17
E
3
18
6
25
1
27
5
8
23
30
22
11
18
26
15
21
20
28
29
3
#
18
N
2
7
6
21
15
4
3
16
26
#
19
N
6
28
23
24
28
1
19
6
27
22
14
12
11
25
10
3
16
9
7
2
4
21
17
8
18
5
13
26
30
29
#
20
N
6
8
29
21
26
1
13
16
2
27
#
21
T
1
28
16
20
15
14
26
29
7
11
13
8
23
2
17
10
22
4
3
24
6
19
30
28
25
18
5
12
9
27
#
22
T
11
3
22
23
13
#
23
E
2
3
17
1
27
#
24
E
8
5
7
11
26
18
25
#
25
N
1
17
13
9
1
29
2
5
4
17
8
27
7
6
12
10
20
30
21
#
26
N
11
26
30
16
4
5
18
21
1
19
13
2
7
29
23
3
24
12
8
9
22
26
20
6
25
10
11
15
#
27
N
6
12
28
27
11
5
25
22
15
3
14
6
1
8
#
28
E
5
23
6
8
24
23
21
29
18
20
15
2
10
1
4
13
17
14
25
28
9
11
30
5
7
#
29
E
13
6
27
24
19
21
20
17
#
30
E
11
2
15
1
#
