1
N
4
45
18
42
6
36
11
2
34
49
3
25
44
19
1
16
27
32
9
37
4
15
33
31
45
10
7
39
17
14
43
46
21
48
30
22
29
8
24
40
38
50
26
13
41
20
23
#
2
N
12
45
35
7
20
26
44
2
47
5
34
9
40
10
23
38
24
22
14
29
31
41
3
6
46
37
33
48
11
4
16
18
27
17
13
30
50
28
15
49
1
32
8
25
45
43
21
#
3
N
13
13
11
23
33
49
17
13
44
14
2
22
41
21
46
#
4
E
5
26
3
20
9
12
14
28
41
18
48
34
44
24
13
31
10
19
30
42
33
45
21
37
47
6
7
32
#
5
N
6
34
14
26
44
33
32
4
5
22
23
37
47
28
34
20
9
16
17
39
10
29
43
3
19
13
41
36
18
38
31
50
12
8
40
48
#
6
N
3
34
26
19
41
40
18
5
15
20
1
44
28
42
4
32
24
9
14
22
47
45
48
6
11
16
31
33
7
38
29
13
10
49
12
25
#
7
N
7
47
49
9
24
27
15
32
3
18
40
35
28
48
23
29
22
26
5
21
25
10
16
30
4
8
19
42
11
12
37
2
6
13
43
47
14
45
7
20
1
38
31
46
36
33
44
50
39
#
8
E
7
49
30
36
42
48
3
11
13
33
15
22
17
40
9
7
20
50
14
27
25
39
38
18
2
44
10
4
28
23
35
43
49
41
19
8
47
21
16
37
46
31
6
26
34
5
45
24
12
32
29
#
9
E
12
20
35
41
45
25
50
39
28
29
12
18
22
26
24
1
10
40
2
20
14
47
#
10
N
2
50
26
49
47
4
19
29
5
40
31
37
8
14
36
21
11
35
39
12
16
25
33
15
50
38
13
7
34
18
1
2
41
43
17
28
27
46
23
3
48
10
45
9
22
30
32
20
42
6
24
44
#
11
E
9
20
22
21
39
37
31
8
3
4
42
44
26
18
7
35
11
38
48
36
12
41
#
12
E
14
27
46
21
1
13
48
44
26
28
40
3
45
25
17
14
33
29
43
34
30
6
27
23
41
32
37
22
31
#
13
T
14
42
16
45
18
40
32
20
27
5
23
34
33
38
29
8
26
19
43
42
39
50
4
28
49
13
17
44
24
3
7
48
36
30
31
37
21
2
6
12
22
9
46
15
#
14
E
14
37
14
28
24
22
48
29
46
8
5
20
33
1
4
10
7
13
11
32
12
16
50
42
37
36
3
26
2
19
25
40
44
31
45
23
38
27
43
#
15
E
10
27
35
3
38
8
24
25
29
48
23
27
18
43
26
49
50
44
22
47
14
16
13
11
12
9
19
33
7
#
16
N
10
17
1
29
28
27
43
3
8
49
35
15
10
38
44
13
47
14
41
#
17
N
2
28
13
3
23
24
45
25
47
46
11
5
19
31
1
27
35
26
38
18
20
49
37
8
4
6
44
9
30
40
#
18
T
15
12
14
29
38
46
42
7
41
32
12
39
3
23
#
19
E
13
32
34
3
28
24
37
32
49
50
30
22
14
45
17
23
1
19
11
13
31
46
7
47
36
9
29
25
21
38
6
35
44
16
#
20
N
9
35
3
50
33
28
47
10
36
35
12
34
25
7
11
18
2
43
6
31
15
26
49
8
1
21
44
46
27
16
42
23
41
39
38
32
5
#
21
N
3
1
47
#
22
N
3
36
45
1
2
15
16
4
6
46
24
38
36
37
26
33
34
49
8
18
20
50
30
32
35
47
25
13
17
28
23
10
43
9
31
3
5
42
#
23
N
3
37
23
17
49
8
22
38
16
19
43
13
24
39
37
21
32
11
40
9
45
30
7
27
20
2
5
26
12
29
47
41
42
35
28
48
44
15
50
#
24
N
7
45
3
45
15
14
28
9
21
49
38
46
39
34
27
13
30
16
5
17
44
41
36
1
47
10
19
33
29
22
24
8
18
48
43
26
35
31
20
7
40
12
32
11
50
42
4
#
25
N
10
3
20
15
11
#
26
N
1
11
48
44
24
49
2
1
29
16
34
42
41
#
27
E
7
23
42
15
44
29
9
12
37
4
41
2
23
13
26
43
46
25
1
21
50
39
3
32
10
#
28
N
8
11
6
41
49
42
37
36
25
32
48
21
43
#
29
E
15
4
16
27
42
23
#
30
N
12
29
15
3
50
31
30
37
11
8
6
23
47
42
46
43
41
10
44
27
21
45
13
32
9
38
16
49
29
5
20
#
31
E
7
43
18
41
19
49
37
47
5
13
23
50
20
43
29
6
9
22
45
15
27
1
38
24
3
11
8
16
17
31
34
33
46
44
2
4
10
39
21
32
42
26
28
30
35
#
32
E
12
12
21
42
46
27
31
47
37
20
40
2
15
36
#
33
E
3
25
36
24
15
4
34
5
8
16
49
29
30
18
3
42
11
17
31
40
37
33
1
48
10
41
50
#
34
N
13
30
33
17
8
30
10
29
3
28
12
37
49
21
32
11
39
46
4
50
43
7
34
16
19
9
31
26
6
41
27
24
#
35
E
12
7
35
38
34
7
12
33
29
#
36
E
4
14
29
48
28
37
35
25
1
8
23
32
42
6
47
39
#
37
N
15
34
11
21
19
18
2
42
29
30
31
36
5
39
10
1
44
38
48
20
34
41
27
17
47
46
35
12
24
28
4
16
3
25
6
9
#
38
E
14
32
5
10
22
43
33
24
50
28
34
6
36
35
7
8
27
13
40
32
12
30
14
44
37
11
29
25
2
18
21
49
19
9
#
39
E
15
29
26
11
44
19
43
46
18
22
2
8
13
33
27
12
9
30
39
15
34
21
41
47
37
42
48
28
23
32
5
#
40
N
9
28
22
15
7
30
36
40
45
12
48
18
2
50
26
1
32
41
24
31
3
46
25
42
47
11
29
34
5
14
#
41
N
8
42
42
9
43
12
44
25
31
35
49
11
36
7
38
20
37
19
23
21
15
24
30
8
27
2
45
1
17
10
14
28
46
3
32
34
26
5
6
18
4
50
41
29
#
42
N
4
44
25
7
26
6
39
38
18
37
10
45
17
41
8
32
29
12
11
28
23
31
27
20
50
5
9
2
21
1
43
47
14
24
40
36
16
48
22
4
15
44
33
34
49
3
#
43
N
1
28
2
27
39
18
36
28
20
3
23
31
32
21
15
14
30
48
46
5
34
44
8
4
33
24
35
41
17
40
#
44
N
10
6
25
18
37
2
21
26
#
45
T
6
41
22
46
28
41
4
16
49
33
50
38
20
8
45
39
24
27
37
40
29
15
3
14
17
12
36
44
34
31
43
5
7
30
47
21
6
26
2
23
11
9
42
#
46
T
4
50
43
39
31
21
46
25
36
45
40
41
34
3
50
16
35
5
37
28
11
10
14
8
29
15
27
23
38
47
48
22
44
7
13
42
4
9
20
12
18
26
33
30
32
17
49
19
2
1
6
24
#
47
T
15
11
24
37
2
4
19
35
8
48
11
42
49
#
48
E
4
3
10
47
5
#
49
E
2
14
42
7
32
40
3
4
44
34
28
5
17
23
36
24
#
50
E
7
42
39
14
26
47
13
5
49
12
22
8
29
23
6
32
46
19
36
44
4
34
24
11
42
37
30
48
50
16
18
9
15
38
25
40
27
31
20
21
3
41
43
28
#
