1
N
9
2
10
13
#
2
N
5
17
19
8
13
18
2
14
4
10
12
9
7
6
20
5
17
3
1
#
3
E
1
10
1
12
2
10
16
17
18
9
11
7
#
4
N
14
9
12
19
9
16
5
13
6
4
3
#
5
N
14
12
3
4
9
11
8
10
12
6
19
18
13
15
#
6
N
1
4
13
17
3
8
#
7
E
6
18
11
13
5
12
10
6
14
18
1
2
17
7
9
20
19
16
4
15
#
8
N
10
11
12
18
19
2
5
7
9
17
1
20
15
#
9
N
15
13
6
7
18
20
11
3
10
5
4
19
15
12
2
#
10
N
2
18
14
13
3
18
19
20
6
8
2
16
4
10
11
5
1
15
7
9
#
11
E
15
15
2
17
7
3
1
14
5
9
19
20
4
16
15
6
18
#
12
N
2
16
15
6
8
1
9
14
3
19
5
13
11
7
16
18
20
17
#
13
N
7
11
7
11
2
9
5
8
4
6
16
12
17
#
14
N
4
15
15
17
6
18
1
16
19
2
8
4
5
9
12
20
13
#
15
N
5
18
18
17
1
10
6
11
8
19
14
4
7
5
16
20
12
15
2
9
#
16
E
4
8
4
17
6
16
10
1
8
7
#
17
T
15
7
20
13
11
6
3
10
1
#
18
N
5
6
8
14
20
5
9
11
#
19
T
10
20
14
18
6
4
9
3
19
5
16
10
7
17
2
8
12
13
15
20
11
1
#
20
E
5
19
17
3
4
11
1
14
16
2
18
5
6
8
20
10
7
9
12
15
19
#
